start 20 sec
Check mem: 0x0
Check mem: 0x0
Check mem: 0x0
Check mem: 0x0
Check mem: 0x0
Check mem: 0x0
Check mem: 0x0
Check mem: 0x0
Check mem: 0x0
Check mem: 0x0
Check mem: 0x0
Check mem: 0x0
Check mem: 0x0
Check mem: 0x0
Check mem: 0x0
Check mem: 0x0
Check mem: 0x0
Check mem: 0x2
Check mem: 0x2
Check mem: 0x2
x1	x2	y1	y2	x	y	sum x	sum y
1286	-1	-1	-1	-1287	0	1285	-2	0
1287	-1	-1	-1	-1288	0	1286	-2	0
1284	-1	-1	-1	-1285	0	1283	-2	0
1281	-1	-1	-1	-1282	0	1280	-2	0
1282	-1	-1	-1	-1283	0	1281	-2	0
1284	-1	-1	-1	-1285	0	1283	-2	0
1285	-1	-1	-1	-1286	0	1284	-2	0
1284	-1	-1	-1	-1285	0	1283	-2	0
1284	-1	-1	-1	-1285	0	1283	-2	0
1283	-1	-1	-1	-1284	0	1282	-2	0
1284	-1	-1	-1	-1285	0	1283	-2	0
1284	-1	-1	-1	-1285	0	1283	-2	0
1284	-1	-1	-1	-1285	0	1283	-2	0
1284	-1	-1	-1	-1285	0	1283	-2	0
1283	-1	-1	-1	-1284	0	1282	-2	0
1284	-1	-1	-1	-1285	0	1283	-2	0
1284	-1	-1	-1	-1285	0	1283	-2	0
1284	-1	-1	-1	-1285	0	1283	-2	0
1284	-1	-1	-1	-1285	0	1283	-2	0
1283	-1	-1	-1	-1284	0	1282	-2	0
1283	-1	-1	-1	-1284	0	1282	-2	0
1283	-1	-1	-1	-1284	0	1282	-2	0
1283	-1	-1	-1	-1284	0	1282	-2	0
1284	-1	-1	-1	-1285	0	1283	-2	0
1284	-1	-1	-1	-1285	0	1283	-2	0
1283	-1	-1	-1	-1284	0	1282	-2	0
1284	-1	-1	-1	-1285	0	1283	-2	0
1284	-1	-1	-1	-1285	0	1283	-2	0
1283	-1	-1	-1	-1284	0	1282	-2	0
1283	-1	-1	-1	-1284	0	1282	-2	0
1283	-1	-1	-1	-1284	0	1282	-2	0
1283	-1	-1	-1	-1284	0	1282	-2	0
1284	-1	-1	-1	-1285	0	1283	-2	0
1284	-1	-1	-1	-1285	0	1283	-2	0
1284	-1	-1	-1	-1285	0	1283	-2	0
1283	-1	-1	-1	-1284	0	1282	-2	0
1283	-1	-1	-1	-1284	0	1282	-2	0
1283	-1	-1	-1	-1284	0	1282	-2	0
1284	-1	-1	-1	-1285	0	1283	-2	0
1283	-1	-1	-1	-1284	0	1282	-2	0
1284	-1	-1	-1	-1285	0	1283	-2	0
1283	-1	-1	-1	-1284	0	1282	-2	0
1284	-1	-1	-1	-1285	0	1283	-2	0
1284	-1	-1	-1	-1285	0	1283	-2	0
1283	-1	-1	-1	-1284	0	1282	-2	0
1283	-1	-1	-1	-1284	0	1282	-2	0
1283	-1	-1	-1	-1284	0	1282	-2	0
1284	-1	-1	-1	-1285	0	1283	-2	0
1283	-1	-1	-1	-1284	0	1282	-2	0
1284	-1	-1	-1	-1285	0	1283	-2	0
mem read: 404 bytes
check: 2
memory is half loaded.
check mem: 2
close file
a@TEX-2:~/detector/TEX-2/drivers/plx9030_detector/class$ ./test 20 50
start 20 sec
Check mem: 0x0
Check mem: 0x0
Check mem: 0x0
Check mem: 0x0
Check mem: 0x0
Check mem: 0x0
Check mem: 0x0
Check mem: 0x0
Check mem: 0x0
Check mem: 0x0
Check mem: 0x0
Check mem: 0x0
Check mem: 0x0
Check mem: 0x0
Check mem: 0x0
Check mem: 0x0
Check mem: 0x0
Check mem: 0x2
Check mem: 0x2
Check mem: 0x2
x1	x2	y1	y2	x	y	sum x	sum y
-1	1290	-1	-1	1291	0	1289	-2	0
-1	1290	-1	-1	1291	0	1289	-2	0
-1	1288	-1	-1	1289	0	1287	-2	0
-1	1285	-1	-1	1286	0	1284	-2	0
-1	1286	-1	-1	1287	0	1285	-2	0
-1	1288	-1	-1	1289	0	1287	-2	0
-1	1289	-1	-1	1290	0	1288	-2	0
-1	1287	-1	-1	1288	0	1286	-2	0
-1	1287	-1	-1	1288	0	1286	-2	0
-1	1286	-1	-1	1287	0	1285	-2	0
-1	1287	-1	-1	1288	0	1286	-2	0
-1	1288	-1	-1	1289	0	1287	-2	0
-1	1288	-1	-1	1289	0	1287	-2	0
-1	1288	-1	-1	1289	0	1287	-2	0
-1	1287	-1	-1	1288	0	1286	-2	0
-1	1287	-1	-1	1288	0	1286	-2	0
-1	1287	-1	-1	1288	0	1286	-2	0
-1	1287	-1	-1	1288	0	1286	-2	0
-1	1287	-1	-1	1288	0	1286	-2	0
-1	1288	-1	-1	1289	0	1287	-2	0
-1	1288	-1	-1	1289	0	1287	-2	0
-1	1289	-1	-1	1290	0	1288	-2	0
-1	1287	-1	-1	1288	0	1286	-2	0
-1	1287	-1	-1	1288	0	1286	-2	0
-1	1287	-1	-1	1288	0	1286	-2	0
-1	1287	-1	-1	1288	0	1286	-2	0
-1	1288	-1	-1	1289	0	1287	-2	0
-1	1287	-1	-1	1288	0	1286	-2	0
-1	1288	-1	-1	1289	0	1287	-2	0
-1	1288	-1	-1	1289	0	1287	-2	0
-1	1287	-1	-1	1288	0	1286	-2	0
-1	1287	-1	-1	1288	0	1286	-2	0
-1	1287	-1	-1	1288	0	1286	-2	0
-1	1287	-1	-1	1288	0	1286	-2	0
-1	1287	-1	-1	1288	0	1286	-2	0
-1	1287	-1	-1	1288	0	1286	-2	0
-1	1288	-1	-1	1289	0	1287	-2	0
-1	1288	-1	-1	1289	0	1287	-2	0
-1	1286	-1	-1	1287	0	1285	-2	0
-1	1287	-1	-1	1288	0	1286	-2	0
-1	1287	-1	-1	1288	0	1286	-2	0
-1	1287	-1	-1	1288	0	1286	-2	0
-1	1287	-1	-1	1288	0	1286	-2	0
-1	1287	-1	-1	1288	0	1286	-2	0
-1	1288	-1	-1	1289	0	1287	-2	0
-1	1288	-1	-1	1289	0	1287	-2	0
-1	1287	-1	-1	1288	0	1286	-2	0
-1	1287	-1	-1	1288	0	1286	-2	0
-1	1287	-1	-1	1288	0	1286	-2	0
-1	1288	-1	-1	1289	0	1287	-2	0
mem read: 404 bytes
check: 2
memory is half loaded.
check mem: 2
close file
a@TEX-2:~/detector/TEX-2/drivers/plx9030_detector/class$ ./test 20 50
start 20 sec
Check mem: 0x0
Check mem: 0x0
Check mem: 0x0
Check mem: 0x0
Check mem: 0x0
Check mem: 0x0
Check mem: 0x0
Check mem: 0x0
Check mem: 0x0
Check mem: 0x0
Check mem: 0x0
Check mem: 0x0
Check mem: 0x0
Check mem: 0x0
Check mem: 0x0
Check mem: 0x0
Check mem: 0x0
Check mem: 0x2
Check mem: 0x2
Check mem: 0x2
x1	x2	y1	y2	x	y	sum x	sum y
-1	-1	1293	-1	0	-1294	-2	1292	0
-1	-1	1293	-1	0	-1294	-2	1292	0
-1	-1	1289	-1	0	-1290	-2	1288	0
-1	-1	1288	-1	0	-1289	-2	1287	0
-1	-1	1289	-1	0	-1290	-2	1288	0
-1	-1	1290	-1	0	-1291	-2	1289	0
-1	-1	-1	-1	0	0	-2	-2	0
-1	-1	-1	-1	0	0	-2	-2	0
-1	-1	-1	-1	0	0	-2	-2	0
-1	-1	-1	-1	0	0	-2	-2	0
-1	-1	-1	-1	0	0	-2	-2	0
-1	-1	-1	-1	0	0	-2	-2	0
-1	-1	-1	-1	0	0	-2	-2	0
-1	-1	-1	-1	0	0	-2	-2	0
-1	-1	1289	-1	0	-1290	-2	1288	0
-1	-1	1289	-1	0	-1290	-2	1288	0
-1	-1	1289	-1	0	-1290	-2	1288	0
-1	-1	1290	-1	0	-1291	-2	1289	0
-1	-1	1290	-1	0	-1291	-2	1289	0
-1	-1	1290	-1	0	-1291	-2	1289	0
-1	-1	1290	-1	0	-1291	-2	1289	0
-1	-1	1290	-1	0	-1291	-2	1289	0
-1	-1	1290	-1	0	-1291	-2	1289	0
-1	-1	1289	-1	0	-1290	-2	1288	0
-1	-1	1290	-1	0	-1291	-2	1289	0
-1	-1	1289	-1	0	-1290	-2	1288	0
-1	-1	1290	-1	0	-1291	-2	1289	0
-1	-1	1290	-1	0	-1291	-2	1289	0
-1	-1	1290	-1	0	-1291	-2	1289	0
-1	-1	1289	-1	0	-1290	-2	1288	0
-1	-1	1289	-1	0	-1290	-2	1288	0
-1	-1	1289	-1	0	-1290	-2	1288	0
-1	-1	1290	-1	0	-1291	-2	1289	0
-1	-1	1289	-1	0	-1290	-2	1288	0
-1	-1	1290	-1	0	-1291	-2	1289	0
-1	-1	1290	-1	0	-1291	-2	1289	0
-1	-1	1290	-1	0	-1291	-2	1289	0
-1	-1	1289	-1	0	-1290	-2	1288	0
-1	-1	-1	-1	0	0	-2	-2	0
-1	-1	-1	-1	0	0	-2	-2	0
-1	-1	-1	-1	0	0	-2	-2	0
-1	-1	-1	-1	0	0	-2	-2	0
-1	-1	-1	-1	0	0	-2	-2	0
-1	-1	-1	-1	0	0	-2	-2	0
-1	-1	-1	-1	0	0	-2	-2	0
-1	-1	-1	-1	0	0	-2	-2	0
-1	-1	1289	-1	0	-1290	-2	1288	0
-1	-1	1290	-1	0	-1291	-2	1289	0
-1	-1	1289	-1	0	-1290	-2	1288	0
-1	-1	1290	-1	0	-1291	-2	1289	0
mem read: 404 bytes
check: 2
memory is half loaded.
check mem: 2
close file
a@TEX-2:~/detector/TEX-2/drivers/plx9030_detector/class$ ./test 20 50
start 20 sec
Check mem: 0x0
Check mem: 0x0
Check mem: 0x0
Check mem: 0x0
Check mem: 0x0
Check mem: 0x0
Check mem: 0x0
Check mem: 0x0
Check mem: 0x0
Check mem: 0x0
Check mem: 0x0
Check mem: 0x0
Check mem: 0x0
Check mem: 0x0
Check mem: 0x0
Check mem: 0x0
Check mem: 0x0
Check mem: 0x2
Check mem: 0x2
Check mem: 0x2
x1	x2	y1	y2	x	y	sum x	sum y
-1	-1	-1	1296	0	1297	-2	1295	0
-1	-1	-1	1294	0	1295	-2	1293	0
-1	-1	-1	1291	0	1292	-2	1290	0
-1	-1	-1	1291	0	1292	-2	1290	0
-1	-1	-1	1293	0	1294	-2	1292	0
-1	-1	-1	1294	0	1295	-2	1293	0
-1	-1	-1	1293	0	1294	-2	1292	0
-1	-1	-1	1292	0	1293	-2	1291	0
-1	-1	-1	1292	0	1293	-2	1291	0
-1	-1	-1	1292	0	1293	-2	1291	0
-1	-1	-1	1294	0	1295	-2	1293	0
-1	-1	-1	1293	0	1294	-2	1292	0
-1	-1	-1	1292	0	1293	-2	1291	0
-1	-1	-1	1292	0	1293	-2	1291	0
-1	-1	-1	1292	0	1293	-2	1291	0
-1	-1	-1	1292	0	1293	-2	1291	0
-1	-1	-1	1292	0	1293	-2	1291	0
-1	-1	-1	1293	0	1294	-2	1292	0
-1	-1	-1	1293	0	1294	-2	1292	0
-1	-1	-1	1293	0	1294	-2	1292	0
-1	-1	-1	1292	0	1293	-2	1291	0
-1	-1	-1	1292	0	1293	-2	1291	0
-1	-1	-1	1292	0	1293	-2	1291	0
-1	-1	-1	1293	0	1294	-2	1292	0
-1	-1	-1	1291	0	1292	-2	1290	0
-1	-1	-1	1292	0	1293	-2	1291	0
-1	-1	-1	1293	0	1294	-2	1292	0
-1	-1	-1	1293	0	1294	-2	1292	0
-1	-1	-1	1292	0	1293	-2	1291	0
-1	-1	-1	1292	0	1293	-2	1291	0
-1	-1	-1	1292	0	1293	-2	1291	0
-1	-1	-1	1293	0	1294	-2	1292	0
-1	-1	-1	1292	0	1293	-2	1291	0
-1	-1	-1	1292	0	1293	-2	1291	0
-1	-1	-1	1292	0	1293	-2	1291	0
-1	-1	-1	1293	0	1294	-2	1292	0
-1	-1	-1	1292	0	1293	-2	1291	0
-1	-1	-1	1293	0	1294	-2	1292	0
-1	-1	-1	1293	0	1294	-2	1292	0
-1	-1	-1	1293	0	1294	-2	1292	0
-1	-1	-1	1293	0	1294	-2	1292	0
-1	-1	-1	1292	0	1293	-2	1291	0
-1	-1	-1	1293	0	1294	-2	1292	0
-1	-1	-1	1293	0	1294	-2	1292	0
-1	-1	-1	1293	0	1294	-2	1292	0
-1	-1	-1	1292	0	1293	-2	1291	0
-1	-1	-1	1292	0	1293	-2	1291	0
-1	-1	-1	1292	0	1293	-2	1291	0
-1	-1	-1	1292	0	1293	-2	1291	0
-1	-1	-1	1292	0	1293	-2	1291	0
mem read: 404 bytes
check: 2
memory is half loaded.
check mem: 2
close file
